[0,0],[0,480],[150,480],[150,350],[275,350],[280,460],[300,460],[300,0],[0,0]  #红停
[2800,1500],[2800,1020],[2650,1020],[2650,1150],[2525,1150],[2520,1040],[2500,1040],[2500,1500],[2800,1500] #蓝停
[480,460],[530,460],[760,110],[720,110],[480,460]  #红斜
[2320,1040],[2270,1040],[2040,1390],[2080,1390],[2320,1040]  #蓝斜
[100,690],[100,700],[80,710],[80,770],[100,780],[170,835],[177,827],[190,934],[240,805],[240,785],[255,775],[255,700],[245,695],[245,680],[190,650],[175,655],[165,645],[100,690]  #红基
[2700,810],[2700,800],[2720,790],[2720,730],[2700,720],[2630,665],[2623,673],[2610,566],[2560,695],[2560,715],[2545,725],[2545,800],[2555,805],[2555,820],[2610,850],[2625,845],[2635,855],[2700,810]  #蓝基
[1180,105],[990,380],[950,390],[900,457],[905,500],[865,560],[865,815],[1025,1035],[1035,1027],[880,812],[880,565],[1205,105],[1180,105]  #r高地近
[1620,1395],[1810,1120],[1850,1110],[1900,1043],[1895,1000],[1935,940],[1935,685],[1775,465],[1765,473],[1920,688],[1920,935],[1595,1395],[1620,1395] #b高地近
[1310,225],[1035,615],[1035,770],[1190,990],[1230,965],[1085,750],[1085,630],[1350,255],[1310,225] #r高地远
[1490,1275],[1765,885],[1765,730],[1610,510],[1570,535],[1715,750],[1715,870],[1450,1245],[1490,1275] #b高地远
[1120,1220],[1085,1240],[1085,1285],[1120,1305],[1155,1285],[1155,1245],[1120,1220] #r前哨
[1680,280],[1715,260],[1715,215],[1680,195],[1645,215],[1645,255],[1680,280] #b前哨
[0,1075],[115,1075],[115,1257],[145,1285],[140,1460],[120,1500],[0,1500],[0,1075] #r补给
[2800,425],[2685,425],[2685,243],[2655,215],[2660,40],[2680,0],[2800,0],[2800,425] #b补给
[305,1100],[305,1500],[325,1500],[330,1140],[320,1100],[305,1100] #r补给前
[2495,400],[2495,0],[2475,0],[2470,360],[2480,400],[2495,400] #b补给前
[465,1330],[450,1057],[480,1025],[735,1025],[860,1223],[940,1223],[940,1380],[600,1380],[600,1360],[920,1360],[920,1240],[600,1240],[600,1220],[810,1220],[710,1065],[500,1065],[485,1080],[485,1330],[465,1330] #r r4
[2335,170],[2350,443],[2320,475],[2065,475],[1940,277],[1860,277],[1860,120],[2200,120],[2200,140],[1880,140],[1880,260],[2200,260],[2200,280],[1990,280],[2090,435],[2300,435],[2315,420],[2315,170],[2335,170] #b r4
[1115,1375],[1250,1375],[1250,1395],[1115,1395],[1115,1375] #r飞内
[1685,125],[1550,125],[1550,105],[1685,105],[1685,125] #b飞内
[1250,1475],[1115,1475],[1115,1490],[1250,1500],[1250,1475] #r飞外
[1550,25],[1685,25],[1685,10],[1550,0],[1550,25] #b飞外
[1275,680],[1470,870],[1520,815],[1330,620],[1275,680] #符